1 2 3 4 5 6 7 8 9 10 11 12 13 14 15 16 17 18 19 20 
21 22 23 24 25 26 27 28 29 30 31 32 33 34 35 36 37 38 39 40 
41 42 43 44 45 46 47 48 49 50 51 52 53 54 55 56 57 58 59 60 
61 62 63 64 65 66 67 68 69 70 71 72 73 74 75 76 77 78 79 80 
81 82 83 84 85 86 87 88 89 90 91 92 93 94 95 96 97 98 99 100 
21 32 43 12 43 21 923 13 43 12 32 120 433 102 439 12 3840 990 
121 43 123 1 32 43 12 43 32 534 64 234 343 726 149 473 611 234 892 378 515 909 689 377 104 695 721 653 928 285 563 241 828 
412 157 729 480 753 932 344 197 508 844 669 586 389 766 340 564 428 171 815 865 
907 523 422 283 724 652 587 874 422 581 813 936 311 640 293 525 946 597 342 738 726 149 473 611 234 892 378 515 909 689 377 104 695 721 653 928 285 563 241 828 
412 157 729 480 753 932 344 197 508 844 669 586 389 766 340 564 428 171 815 865 
907 523 422 283 724 652 587 874 422 581 813 936 311 640 293 525 946 597 342 738 726 149 473 611 234 892 378 515 909 689 377 104 695 721 653 928 285 563 241 828 
412 157 729 480 753 932 344 197 508 844 669 586 389 766 340 564 428 171 815 865 
907 523 422 283 724 652 587 874 422 581 813 936 311 640 293 525 946 597 342 738 726 149 473 611 234 892 378 515 909 689 377 104 695 721 653 928 285 563 241 828 
412 157 729 480 753 932 344 197 508 844 669 586 389 766 340 564 428 171 815 865 
907 523 422 283 724 652 587 874 422 581 813 936 311 640 293 525 946 597 342 738 726 149 473 611 234 892 378 515 909 689 377 104 695 721 653 928 285 563 241 828 
412 157 729 480 753 932 344 197 508 844 669 586 389 766 340 564 428 171 815 865 
907 523 422 283 724 652 587 874 422 581 813 936 311 640 293 525 946 597 342 738 726 149 473 611 234 892 378 515 909 689 377 104 695 721 653 928 285 563 241 828 
412 157 729 480 753 932 344 197 508 844 669 586 389 766 340 564 428 171 815 865 
907 523 422 283 724 652 587 874 422 581 813 936 311 640 293 525 946 597 342 738 726 149 473 611 234 892 378 515 909 689 377 104 695 721 653 928 285 563 241 828 
412 157 729 480 753 932 344 197 508 844 669 586 389 766 340 564 428 171 815 865 
907 523 422 283 724 652 587 874 422 581 813 936 311 640 293 525 946 597 342 738 726 149 473 611 234 892 378 515 909 689 377 104 695 721 653 928 285 563 241 828 
412 157 729 480 753 932 344 197 508 844 669 586 389 766 340 564 428 171 815 865 
907 523 422 283 724 652 587 874 422 581 813 936 311 640 293 525 946 597 342 738 726 149 473 611 234 892 378 515 909 689 377 104 695 721 653 928 285 563 241 828 
412 157 729 480 753 932 344 197 508 1 2 3 4 5 6 7 8 9 10 11 12 13 14 15 16 17 18 19 20 
21 22 23 24 25 26 27 28 29 30 31 32 33 34 35 36 37 38 39 40 
41 42 43 44 45 46 47 48 49 50 51 52 53 54 55 56 57 58 59 60 
61 62 63 64 65 66 67 68 69 70 71 72 73 74 75 76 77 78 79 80 
81 82 83 84 85 86 87 88 89 90 91 92 93 94 95 96 97 98 99 100 1 2 3 4 5 6 7 8 9 10 11 12 13 14 15 16 17 18 19 20 
21 22 23 24 25 26 27 28 29 30 31 32 33 34 35 36 37 38 39 40 
41 42 43 44 45 46 47 48 49 50 51 52 53 54 55 56 57 58 59 60 
61 62 63 64 65 66 67 68 69 70 71 72 73 74 75 76 77 78 79 80 
81 82 83 84 85 86 87 88 89 90 91 92 93 94 95 96 97 98 99 100 1 2 3 4 5 6 7 8 9 10 11 12 13 14 15 16 17 18 19 20 
21 22 23 24 25 26 27 28 29 30 31 32 33 34 35 36 37 38 39 40 
41 42 43 44 45 46 47 48 49 50 51 52 53 54 55 56 57 58 59 60 
61 62 63 64 65 66 67 68 69 70 71 72 73 74 75 76 77 78 79 80 
81 82 83 84 85 86 87 88 89 90 91 92 93 94 95 96 97 98 99 100 1 2 3 4 5 6 7 8 9 10 11 12 13 14 15 16 17 18 19 20 
21 22 23 24 25 26 27 28 29 30 31 32 33 34 35 36 37 38 39 40 
41 42 43 44 45 46 47 48 49 50 51 52 53 54 55 56 57 58 59 60 
61 62 63 64 65 66 67 68 69 70 71 72 73 74 75 76 77 78 79 80 
81 82 83 84 85 86 87 88 89 90 91 92 93 94 95 96 97 98 99 100 1 2 3 4 5 6 7 8 9 10 11 12 13 14 15 16 17 18 19 20 
21 22 23 24 25 26 27 28 29 30 31 32 33 34 35 36 37 38 39 40 
41 42 43 44 45 46 47 48 49 50 51 52 53 54 55 56 57 58 59 60 
61 62 63 64 65 66 67 68 69 70 71 72 73 74 75 76 77 78 79 80 
81 82 83 84 85 86 87 88 89 90 91 92 93 94 95 96 97 98 99 100 1 2 3 4 5 6 7 8 9 10 11 12 13 14 15 16 17 18 19 20 
21 22 23 24 25 26 27 28 29 30 31 32 33 34 35 36 37 38 39 40 
41 42 43 44 45 46 47 48 49 50 51 52 53 54 55 56 57 58 59 60 
61 62 63 64 65 66 67 68 69 70 71 72 73 74 75 76 77 78 79 80 
81 82 83 84 85 86 87 88 89 90 91 92 93 94 95 96 97 98 99 100 1 2 3 4 5 6 7 8 9 10 11 12 13 14 15 16 17 18 19 20 
21 22 23 24 25 26 27 28 29 30 31 32 33 34 35 36 37 38 39 40 
41 42 43 44 45 46 47 48 49 50 51 52 53 54 55 56 57 58 59 60 
61 62 63 64 65 66 67 68 69 70 71 72 73 74 75 76 77 78 79 80 
81 82 83 84 85 86 87 88 89 90 91 92 93 94 95 96 97 98 99 100 1 2 3 4 5 6 7 8 9 10 11 12 13 14 15 16 17 18 19 20 
21 22 23 24 25 26 27 28 29 30 31 32 33 34 35 36 37 38 39 40 
41 42 43 44 45 46 47 48 49 50 51 52 53 54 55 56 57 58 59 60 
61 62 63 64 65 66 67 68 69 70 71 72 73 74 75 76 77 78 79 80 
81 82 83 84 85 86 87 88 89 90 91 92 93 94 95 96 97 98 99 100 1 2 3 4 5 6 7 8 9 10 11 12 13 14 15 16 17 18 19 20 
21 22 23 24 25 26 27 28 29 30 31 32 33 34 35 36 37 38 39 40 
41 42 43 44 45 46 47 48 49 50 51 52 53 54 55 56 57 58 59 60 
61 62 63 64 65 66 67 68 69 70 71 72 73 74 75 76 77 78 79 80 
81 82 83 84 85 86 87 88 89 90 91 92 93 94 95 96 97 98 99 100 1 2 3 4 5 6 7 8 9 10 11 12 13 14 15 16 17 18 19 20 
21 22 23 24 25 26 27 28 29 30 31 32 33 34 35 36 37 38 39 40 
41 42 43 44 45 46 47 48 49 50 51 52 53 54 55 56 57 58 59 60 
61 62 63 64 65 66 67 68 69 70 71 72 73 74 75 76 77 78 79 80 
81 82 83 84 85 86 87 88 89 90 91 92 93 94 95 96 97 98 99 100 1 2 3 4 5 6 7 8 9 10 11 12 13 14 15 16 17 18 19 20 
21 22 23 24 25 26 27 28 29 30 31 32 33 34 35 36 37 38 39 40 
41 42 43 44 45 46 47 48 49 50 51 52 53 54 55 56 57 58 59 60 
61 62 63 64 65 66 67 68 69 70 71 72 73 74 75 76 77 78 79 80 
81 82 83 84 85 86 87 88 89 90 91 92 93 94 95 96 97 98 99 100 1 2 3 4 5 6 7 8 9 10 11 12 13 14 15 16 17 18 19 20 
21 22 23 24 25 26 27 28 29 30 31 32 33 34 35 36 37 38 39 40 
41 42 43 44 45 46 47 48 49 50 51 52 53 54 55 56 57 58 59 60 
61 62 63 64 65 66 67 68 69 70 71 72 73 74 75 76 77 78 79 80 
81 82 83 84 85 86 87 88 89 90 91 92 93 94 95 96 97 98 99 100 1 2 3 4 5 6 7 8 9 10 11 12 13 14 15 16 17 18 19 20 
21 22 23 24 25 26 27 28 29 30 31 32 33 34 35 36 37 38 39 40 
41 42 43 44 45 46 47 48 49 50 51 52 53 54 55 56 57 58 59 60 
61 62 63 64 65 66 67 68 69 70 71 72 73 74 75 76 77 78 79 80 
81 82 83 84 85 86 87 88 89 90 91 92 93 94 95 96 97 98 99 100 1 2 3 4 5 6 7 8 9 10 11 12 13 14 15 16 17 18 19 20 
21 22 23 24 25 26 27 28 29 30 31 32 33 34 35 36 37 38 39 40 
41 42 43 44 45 46 47 48 49 50 51 52 53 54 55 56 57 58 59 60 
61 62 63 64 65 66 67 68 69 70 71 72 73 74 75 76 77 78 79 80 
81 82 83 84 85 86 87 88 89 90 91 92 93 94 95 96 97 98 99 100 1 2 3 4 5 6 7 8 9 10 11 12 13 14 15 16 17 18 19 20 
21 22 23 24 25 26 27 28 29 30 31 32 33 34 35 36 37 38 39 40 
41 42 43 44 45 46 47 48 49 50 51 52 53 54 55 56 57 58 59 60 
61 62 63 64 65 66 67 68 69 70 71 72 73 74 75 76 77 78 79 80 
81 82 83 84 85 86 87 88 89 90 91 92 93 94 95 96 97 98 99 100 1 2 3 4 5 6 7 8 9 10 11 12 13 14 15 16 17 18 19 20 
21 22 23 24 25 26 27 28 29 30 31 32 33 34 35 36 37 38 39 40 
41 42 43 44 45 46 47 48 49 50 51 52 53 54 55 56 57 58 59 60 
61 62 63 64 65 66 67 68 69 70 71 72 73 74 75 76 77 78 79 80 
81 82 83 84 85 86 87 88 89 90 91 92 93 94 95 96 97 98 99 100 1 2 3 4 5 6 7 8 9 10 11 12 13 14 15 16 17 18 19 20 
21 22 23 24 25 26 27 28 29 30 31 32 33 34 35 36 37 38 39 40 
41 42 43 44 45 46 47 48 49 50 51 52 53 54 55 56 57 58 59 60 
61 62 63 64 65 66 67 68 69 70 71 72 73 74 75 76 77 78 79 80 
81 82 83 84 85 86 87 88 89 90 91 92 93 94 95 96 97 98 99 100 1 2 3 4 5 6 7 8 9 10 11 12 13 14 15 16 17 18 19 20 
21 22 23 24 25 26 27 28 29 30 31 32 33 34 35 36 37 38 39 40 
41 42 43 44 45 46 47 48 49 50 51 52 53 54 55 56 57 58 59 60 
61 62 63 64 65 66 67 68 69 70 71 72 73 74 75 76 77 78 79 80 
81 82 83 84 85 86 87 88 89 90 91 92 93 94 95 96 97 98 99 100 1 2 3 4 5 6 7 8 9 10 11 12 13 14 15 16 17 18 19 20 
21 22 23 24 25 26 27 28 29 30 31 32 33 34 35 36 37 38 39 40 
41 42 43 44 45 46 47 48 49 50 51 52 53 54 55 56 57 58 59 60 
61 62 63 64 65 66 67 68 69 70 71 72 73 74 75 76 77 78 79 80 
81 82 83 84 85 86 87 88 89 90 91 92 93 94 95 96 97 98 99 100 1 2 3 4 5 6 7 8 9 10 11 12 13 14 15 16 17 18 19 20 
21 22 23 24 25 26 27 28 29 30 31 32 33 34 35 36 37 38 39 40 
41 42 43 44 45 46 47 48 49 50 51 52 53 54 55 56 57 58 59 60 
61 62 63 64 65 66 67 68 69 70 71 72 73 74 75 76 77 78 79 80 
81 82 83 84 85 86 87 88 89 90 91 92 93 94 95 96 97 98 99 100 1 2 3 4 5 6 7 8 9 10 11 12 13 14 15 16 17 18 19 20 
21 22 23 24 25 26 27 28 29 30 31 32 33 34 35 36 37 38 39 40 
41 42 43 44 45 46 47 48 49 50 51 52 53 54 55 56 57 58 59 60 
61 62 63 64 65 66 67 68 69 70 71 72 73 74 75 76 77 78 79 80 
81 82 83 84 85 86 87 88 89 90 91 92 93 94 95 96 97 98 99 100 844 669 586 389 766 340 564 428 171 815 865 
907 523 422 283 724 652 587 874 422 581 813 936 311 640 293 525 946 597 342 738 726 149 473 611 234 892 378 515 909 689 377 104 695 721 653 928 285 563 241 828 
412 157 729 480 753 932 344 197 508 844 669 586 389 766 340 564 428 171 815 865 
907 523 422 283 724 652 587 874 422 581 813 936 311 640 293 525 946 597 342 738 726 149 473 611 234 892 378 515 909 689 377 104 695 721 653 928 285 563 241 828 
412 157 729 480 753 932 344 197 508 844 669 586 389 766 340 564 428 171 815 865 
907 523 422 283 724 652 587 874 422 581 813 936 311 640 293 525 946 597 342 738 726 149 473 611 234 892 378 515 909 689 377 104 695 721 653 928 285 563 241 828 
412 157 729 480 753 932 344 197 508 844 669 586 389 766 340 564 428 171 815 865 
907 523 422 283 724 652 587 874 422 581 813 936 311 640 293 525 946 597 342 738 726 149 473 611 234 892 378 515 909 689 377 104 695 721 653 928 285 563 241 828 
412 157 729 480 753 932 344 197 508 844 669 586 389 766 340 564 428 171 815 865 
907 523 422 283 724 652 587 874 422 581 813 936 311 640 293 525 946 597 342 738 726 149 473 611 234 892 378 515 909 689 377 104 695 721 653 928 285 563 241 828 
412 157 729 480 753 932 344 197 508 844 669 586 389 766 340 564 428 171 815 865 
907 523 422 283 724 652 587 874 422 581 813 936 311 640 293 525 946 597 342 738 726 149 473 611 234 892 378 515 909 689 377 104 695 721 653 928 285 563 241 828 
412 157 729 480 753 932 344 197 508 844 669 586 389 766 340 564 428 171 815 865 
907 523 422 283 724 652 587 874 422 581 813 936 311 640 293 525 946 597 342 738 234 5634 231 523 
5424 543 453 232 243 42 3421 2341 4212 52334 726 149 473 611
234 892 378 515 909 689 377 104 695 721 653 928 285 563 241 
828 412 157 729 480 753 932 344 197 508 844 669 586 389 766 340 
564 428 171 815 865 907 523 422 283 724 652 587 874 422 581 813 
936 311 640 293 525 946 597 342 738 